# U[m/s] V[m/s] T[K] Qv[g/kg] P[hPa]
            0.0        0.0             286.95000              6.47776           1024.00000
            0.0        0.0             289.31627              7.12885           1019.15663
            0.0        0.0             288.77169              6.65210           1005.54217
            0.0        0.0             287.64291              6.44310            988.66142
            0.0        0.0             286.04318              6.42280            969.31818
            0.0        0.0             284.18712              6.40081            947.04545
            0.0        0.0             282.09510              6.28608            921.66667
            0.0        0.0             279.90918              5.53186            893.95918
            0.0        0.0             281.61468              1.36257            864.20896
            0.0        0.0             282.06750              1.17911            832.60000
            0.0        0.0             280.52462              1.36626            799.99396
            0.0        0.0             278.33731              1.55166            764.99698
            0.0        0.0             276.91166              0.78957            729.21779
            0.0        0.0             273.71344              0.49405            692.51613
            0.0        0.0             272.05000              0.45943            655.01456
            0.0        0.0             270.54157              0.21967            617.48795
            0.0        0.0             266.82629              0.24014            579.15538
            0.0        0.0             262.10011              0.35805            541.48276
            0.0        0.0             257.13621              0.50147            503.20690
            0.0        0.0             256.46977              0.05972            465.96198
            0.0        0.0             251.36711              0.20659            428.85171
            0.0        0.0             252.82527              0.04247            393.42756
            0.0        0.0             251.59469              0.02000            359.64033
            0.0        0.0             246.83529              0.02817            327.02122
            0.0        0.0             241.20651              0.03625            295.87625
            0.0        0.0             235.93694              0.00903            265.92903
            0.0        0.0             231.28094              0.00000            244.80234
            0.0        0.0             226.45694              0.00000            227.75136
            0.0        0.0             221.47094              0.00000            210.12777
            0.0        0.0             216.32294              0.00000            191.93157
            0.0        0.0             211.00094              0.00000            173.12035
            0.0        0.0             208.98044              0.00000            153.75773
            0.0        0.0             210.39344              0.00000            133.78009
            0.0        0.0             211.84694              0.00000            113.22984
            0.0        0.0             213.34094              0.00000             92.10698
