# U[m/s] V[m/s] T[K] Qv[g/kg] P[hPa]
            -3.03953             -0.53595            293.75000              8.96883           1021.00000
            -3.66318             -0.88872            293.48333              8.60196           1016.33333
            -4.80658             -0.93410            292.74016              7.63823           1003.32787
            -4.85906             -0.49633            291.56664              7.34050            987.23359
            -4.54974              0.09730            290.09595              7.25912            968.14046
            -4.19101              0.78576            288.39031              7.16475            945.99695
            -3.63079              1.79156            286.42493              7.05078            920.85251
            -2.06401              4.33856            284.26917              6.86019            893.34808
            -0.64462              5.03037            281.88581              6.66059            863.92287
             0.00000              5.66141            279.44249              6.25373            832.39884
             4.39358              6.31992            278.64552              6.12377            798.98507
            10.78425              4.69589            283.00414              3.66578            765.42652
            14.05688              5.47583            279.98757              4.75493            730.52044
            15.97636              5.81492            276.96026              5.42456            693.50427
             8.46498              8.34713            277.50597              0.70824            656.40881
            10.72350              4.75781            276.66020              0.17997            619.03966
            10.72350              4.75781            273.97891              0.18654            582.34438
            10.72350              4.75781            271.15902              0.20112            545.39411
            10.72350              4.75781            267.44716              0.15656            507.64489
            10.72350              4.75781            263.17733              0.15132            470.83053
            10.72350              4.75781            258.84286              0.19265            434.81211
            10.72350              4.75781            254.34924              1.17971            399.28874
            10.72350              4.75781            249.56304              0.75809            365.50381
            10.72350              4.75781            244.57731              0.37710            331.37166
            10.72350              4.75781            241.39185              0.09999            299.46006
            10.72350              4.75781            237.23257              0.07767            269.14218
            10.72350              4.75781            232.57657              0.06000            245.97707
            10.72350              4.75781            227.75257              0.06000            228.82166
            10.72350              4.75781            222.76657              0.06000            211.09013
            10.72350              4.75781            217.61857              0.06000            192.78248
            10.72350              4.75781            212.29657              0.06000            173.85605
            10.72350              4.75781            210.27607              0.06000            154.37484
            10.72350              4.75781            211.68907              0.06000            134.27484
            10.72350              4.75781            213.14257              0.06000            113.59873
            10.72350              4.75781            214.63657              0.06000             92.34650
