	 zz[m]     z[m]	 p[mb]	 tp[K]	 q[g/kg]	 u[m/s]	 v[m/s]
        73.5000         37.0000       1010.5829        298.8856         18.4778          0.0000          0.0000
       152.0000        112.0000       1002.0779        299.1739         18.1310          0.0000          0.0000
       240.0000        194.0000        992.8450        299.4894         17.7552          0.0000          0.0000
       340.5000        288.0000        982.3452        299.8511         17.3288          0.0000          0.0000
       456.5000        395.0000        970.5021        300.2631         16.8495          0.0000          0.0000
       592.5000        520.0000        956.8123        300.7447         16.2979          0.0000          0.0000
       754.0000        667.0000        940.9121        301.3112         15.6612          0.0000          0.0000
       951.5000        843.0000        922.1553        301.9897         14.9164          0.0000          0.0000
      1195.5000       1062.0000        899.2366        302.8342         14.0173          0.0000          0.0000
      1496.5000       1331.0000        871.7143        303.8715         12.9566          0.0000          0.0000
      1858.5000       1664.0000        838.5859        305.1552         11.7121          0.0000          0.0000
      2279.0000       2055.0000        800.9870        306.6617         10.3503          0.0000          0.0000
      2751.5000       2505.0000        759.4042        308.3941          8.9177          0.0000          0.0000
      3250.0000       3000.0000        715.6856        310.2983          7.5071          0.0000          0.0000
      3750.0000       3500.0000        673.6023        312.2215          6.2530          0.0000          0.0000
      4250.0000       4000.0000        633.5312        314.1461          5.1624          0.0000          0.0000
      4750.0000       4500.0000        595.3987        316.0746          4.2243          0.0000          0.0000
      5250.0000       5000.0000        559.1331        318.0098          3.4260          0.0000          0.0000
      5750.0000       5500.0000        524.6644        319.9549          2.7540          0.0000          0.0000
      6250.0000       6000.0000        491.9246        321.9132          2.1943          0.0000          0.0000
      6750.0000       6500.0000        460.8473        323.8880          1.7328          0.0000          0.0000
      7250.0000       7000.0000        431.3678        325.8829          1.3563          0.0000          0.0000
      7750.0000       7500.0000        403.4234        327.9011          1.0522          0.0000          0.0000
      8250.0000       8000.0000        376.9527        329.9460          0.8090          0.0000          0.0000
      8750.0000       8500.0000        351.8963        332.0205          0.6166          0.0000          0.0000
      9250.0000       9000.0000        328.1963        334.1278          0.4657          0.0000          0.0000
      9750.0000       9500.0000        305.7965        336.2707          0.3487          0.0000          0.0000
     10250.0000      10000.0000        284.6423        338.4518          0.2587          0.0000          0.0000
     10750.0000      10500.0000        264.6804        340.6738          0.1903          0.0000          0.0000
     11250.0000      11000.0000        245.8596        342.9392          0.1387          0.0000          0.0000
     11750.0000      11500.0000        228.1296        345.2503          0.1002          0.0000          0.0000
     12250.0000      12000.0000        211.4422        347.6096          0.0718          0.0000          0.0000
     12750.0000      12500.0000        195.7502        350.0193          0.0509          0.0000          0.0000
     13250.0000      13000.0000        181.0081        352.4819          0.0358          0.0000          0.0000
     13750.0000      13500.0000        167.1719        354.9997          0.0250          0.0000          0.0000
     14250.0000      14000.0000        154.1987        357.5751          0.0173          0.0000          0.0000
     14750.0000      14500.0000        142.0473        360.2107          0.0118          0.0000          0.0000
     15250.0000      15000.0000        130.6777        362.9089          0.0080          0.0000          0.0000
     15750.0000      15500.0000        120.1355        371.7379          0.0000          0.0000          0.0000
     16250.0000      16000.0000        110.4439        380.7798          0.0000          0.0000          0.0000
     16750.0000      16500.0000        101.5341        390.0417          0.0000          0.0000          0.0000
     17250.0000      17000.0000         93.3431        399.5288          0.0000          0.0000          0.0000
     17750.0000      17500.0000         85.8128        409.2467          0.0000          0.0000          0.0000
     18250.0000      18000.0000         78.8901        419.2010          0.0000          0.0000          0.0000
     18750.0000      18500.0000         72.5258        429.3974          0.0000          0.0000          0.0000
     19250.0000      19000.0000         66.6750        439.8418          0.0000          0.0000          0.0000
     19750.0000      19500.0000         61.2961        450.5402          0.0000          0.0000          0.0000
     20250.0000      20000.0000         56.3512        461.4989          0.0000          0.0000          0.0000
     20750.0000      20500.0000         51.8052        472.7241          0.0000          0.0000          0.0000
     21250.0000      21000.0000         47.6259        484.2223          0.0000          0.0000          0.0000
     21750.0000      21500.0000         43.7838        496.0003          0.0000          0.0000          0.0000
     22250.0000      22000.0000         40.2517        508.0647          0.0000          0.0000          0.0000
     22750.0000      22500.0000         37.0045        520.4225          0.0000          0.0000          0.0000
     23250.0000      23000.0000         34.0192        533.0810          0.0000          0.0000          0.0000
     23750.0000      23500.0000         31.2748        546.0473          0.0000          0.0000          0.0000
     24250.0000      24000.0000         28.7518        559.3290          0.0000          0.0000          0.0000
     24750.0000      24500.0000         26.4323        572.9338          0.0000          0.0000          0.0000
     25250.0000      25000.0000         24.2999        586.8695          0.0000          0.0000          0.0000
     25750.0000      25500.0000         22.3396        601.1442          0.0000          0.0000          0.0000
     26250.0000      26000.0000         20.5374        615.7661          0.0000          0.0000          0.0000
     26750.0000      26500.0000         18.8806        630.7436          0.0000          0.0000          0.0000
     27250.0000      27000.0000         17.3574        646.0854          0.0000          0.0000          0.0000
     27750.0000      27500.0000         15.9572        661.8004          0.0000          0.0000          0.0000
     28250.0000      28000.0000         14.6699        677.8976          0.0000          0.0000          0.0000
     28750.0000      28500.0000         13.4864        694.3864          0.0000          0.0000          0.0000
     29250.0000      29000.0000         12.3984        711.2762          0.0000          0.0000          0.0000
     29750.0000      29500.0000         11.3982        728.5769          0.0000          0.0000          0.0000
     30250.0000      30000.0000         10.4787        746.2983          0.0000          0.0000          0.0000
     30750.0000      30500.0000          9.6333        764.4509          0.0000          0.0000          0.0000
     31250.0000      31000.0000          8.8562        783.0449          0.0000          0.0000          0.0000
     31750.0000      31500.0000          8.1417        802.0912          0.0000          0.0000          0.0000
     32250.0000      32000.0000          7.4849        821.6008          0.0000          0.0000          0.0000
     32750.0000      32500.0000          6.8811        841.5849          0.0000          0.0000          0.0000
     33250.0000      33000.0000          6.3260        862.0551          0.0000          0.0000          0.0000