	 zz[m]     z[m]	 p[mb]	 tp[K]	 q[g/kg]	 u[m/s]	 v[m/s]
        73.5000         37.0000       1010.5829        298.8856         18.4778          0.0000          0.0000
       152.0000        112.0000       1002.0779        299.1739         18.1310          0.0000          0.0000
       240.0000        194.0000        992.8450        299.4894         17.7552          0.0000          0.0000
       340.5000        288.0000        982.3452        299.8511         17.3288          0.0000          0.0000
       456.5000        395.0000        970.5021        300.2631         16.8495          0.0000          0.0000
       592.5000        520.0000        956.8123        300.7447         16.2979          0.0000          0.0000
       754.0000        667.0000        940.9121        301.3112         15.6612          0.0000          0.0000
       951.5000        843.0000        922.1553        301.9897         14.9164          0.0000          0.0000
      1195.5000       1062.0000        899.2366        302.8342         14.0173          0.0000          0.0000
      1496.5000       1331.0000        871.7143        303.8715         12.9566          0.0000          0.0000
      1858.5000       1664.0000        838.5859        305.1552         11.7121          0.0000          0.0000
      2279.0000       2055.0000        800.9870        306.6617         10.3503          0.0000          0.0000
